<?xml version="1.0" encoding="utf-8" standalone="yes" ?>
<!--Torque Constructor Scene document http://www.garagegames.com-->
<ConstructorScene version="4" creator="Torque Constructor" date="2015/01/28 15:51:24">
    <Sunlight azimuth="180" elevation="35" color="255 255 255" ambient="64 64 64" />
    <LightingOptions lightingSystem="" ineditor_defaultLightmapSize="256" ineditor_maxLightmapSize="256" ineditor_lightingPerformanceHint="0" ineditor_shadowPerformanceHint="1" ineditor_TAPCompatibility="0" ineditor_useSunlight="0" export_defaultLightmapSize="256" export_maxLightmapSize="256" export_lightingPerformanceHint="0" export_shadowPerformanceHint="1" export_TAPCompatibility="1" export_useSunlight="0" />
    <GameTypes>
        <GameType name="Constructor" />
        <GameType name="Torque" />
    </GameTypes>
    <SceneShapes nextShapeID="6">
        <SceneShape id="0" type="0" file="TGE/tutorial.base/data/shapes/player/player.dts" pos="-11.5 36.5 10.5" rot="1 0 0 0" scale="1 1 1" transform="1 0 0 -11.5 0 1 0 36.5 0 0 1 10.5 0 0 0 1" group="-1" locked="0" />
    </SceneShapes>
    <DetailLevels current="0">
        <DetailLevel minPixelSize="0" actionCenter="0 0 0">
            <InteriorMap brushScale="32" lightScale="32" ambientColor="0 0 0" ambientColorEmerg="0 0 0">
                <Entities nextEntityID="5">
                    <Entity id="0" classname="worldspawn" gametype="Torque" isPointEntity="0">
                        <Properties detail_number="0" min_pixels="250" geometry_scale="32.0" light_geometry_scale="8.0" light_smoothing_scale="4.0" light_mesh_scale="1.0" ambient_color="0 0 0" emergency_ambient_color="0 0 0" mapversion="220" />
                    </Entity>
                    <Entity id="3" classname="light_point" gametype="Constructor" isPointEntity="1" origin="3 30 9" direction="0 -0 -0">
                        <Properties color="255 255 255" intensity="100.0" falloff_inner="1.0" falloff_outer="10.0" />
                    </Entity>
                </Entities>
                <Brushes nextBrushID="55">
                    <Brush id="5" owner="0" type="0" pos="1 4.5 3.5" rot="-1 0 0 0.331612" scale="" transform="1.02 0 0 1 0 1.81469 -0.447058 4.5 0 0.470876 0.799546 3.5 0 0 0 1" group="-1" locked="0" nextFaceID="1345" nextVertexID="1793">
                        <Vertices>
                            <Vertex pos="1 5 1" />
                            <Vertex pos="1 5 -1" />
                            <Vertex pos="1 -5 1" />
                            <Vertex pos="1 -5 -1" />
                            <Vertex pos="-1 5 1" />
                            <Vertex pos="-1 5 -1" />
                            <Vertex pos="-1 -5 1" />
                            <Vertex pos="-1 -5 -1" />
                        </Vertices>
                        <Face id="1338" plane="1 -0 0 -1" album="TGEDemo" material="FILLER_TILE1_04" texgens="0 1 0 160 0 0 -1 -32 0 1 1" texRot="0" texScale="1 1" texDiv="128 128">
                            <Indices indices=" 3 2 0 1" />
                        </Face>
                        <Face id="1339" plane="-1 0 0 -1" album="TGEDemo" material="FILLER_TILE1_04" texgens="0 -1 0 160 0 0 -1 -32 0 1 1" texRot="0" texScale="1 1" texDiv="128 128">
                            <Indices indices=" 7 5 4 6" />
                        </Face>
                        <Face id="1340" plane="0 1 -0 -5" album="TGEDemo" material="FILLER_TILE1_04" texgens="-1 0 0 32 0 0 -1 -32 0 1 1" texRot="0" texScale="1 1" texDiv="128 128">
                            <Indices indices=" 5 1 0 4" />
                        </Face>
                        <Face id="1341" plane="0 -1 0 -5" album="TGEDemo" material="FILLER_TILE1_04" texgens="1 0 0 32 0 0 -1 -32 0 1 1" texRot="0" texScale="1 1" texDiv="128 128">
                            <Indices indices=" 7 6 2 3" />
                        </Face>
                        <Face id="1342" plane="-0 0 1 -1" album="TGEDemo" material="FILLER_TILE1_04" texgens="1 0 0 32 0 -1 0 -160 0 1 1" texRot="0" texScale="1 1" texDiv="128 128">
                            <Indices indices=" 6 4 0 2" />
                        </Face>
                        <Face id="1343" plane="0 0 -1 -1" album="TGEDemo" material="FILLER_TILE1_04" texgens="-1 0 0 32 0 -1 0 -160 0 1 1" texRot="0" texScale="1 1" texDiv="128 128">
                            <Indices indices=" 7 3 1 5" />
                        </Face>
                    </Brush>
                    <Brush id="6" owner="0" type="0" pos="1 19 5.5" rot="1 0 0 0" scale="" transform="1 0 0 1 0 1 0 19 0 0 1 5.5 0 0 0 1" group="-1" locked="0" nextFaceID="169" nextVertexID="225">
                        <Vertices>
                            <Vertex pos="1 1 1" />
                            <Vertex pos="1 1 -1" />
                            <Vertex pos="1 -1 1" />
                            <Vertex pos="1 -1 -1" />
                            <Vertex pos="-1 1 1" />
                            <Vertex pos="-1 1 -1" />
                            <Vertex pos="-1 -1 1" />
                            <Vertex pos="-1 -1 -1" />
                        </Vertices>
                        <Face id="162" plane="1 -0 0 -1" album="TGEDemo" material="FILLER_TILE1_04" texgens="0 1 0 32 0 0 -1 -32 0 1 1" texRot="0" texScale="1 1" texDiv="128 128">
                            <Indices indices=" 3 2 0 1" />
                        </Face>
                        <Face id="163" plane="-1 0 0 -1" album="TGEDemo" material="FILLER_TILE1_04" texgens="0 -1 0 32 0 0 -1 -32 0 1 1" texRot="0" texScale="1 1" texDiv="128 128">
                            <Indices indices=" 7 5 4 6" />
                        </Face>
                        <Face id="164" plane="0 1 -0 -1" album="TGEDemo" material="FILLER_TILE1_04" texgens="-1 0 0 32 0 0 -1 -32 0 1 1" texRot="0" texScale="1 1" texDiv="128 128">
                            <Indices indices=" 5 1 0 4" />
                        </Face>
                        <Face id="165" plane="0 -1 0 -1" album="TGEDemo" material="FILLER_TILE1_04" texgens="1 0 0 32 0 0 -1 -32 0 1 1" texRot="0" texScale="1 1" texDiv="128 128">
                            <Indices indices=" 7 6 2 3" />
                        </Face>
                        <Face id="166" plane="-0 0 1 -1" album="TGEDemo" material="FILLER_TILE1_04" texgens="1 0 0 32 0 -1 0 -32 0 1 1" texRot="0" texScale="1 1" texDiv="128 128">
                            <Indices indices=" 6 4 0 2" />
                        </Face>
                        <Face id="167" plane="0 0 -1 -1" album="TGEDemo" material="FILLER_TILE1_04" texgens="-1 0 0 32 0 -1 0 -32 0 1 1" texRot="0" texScale="1 1" texDiv="128 128">
                            <Indices indices=" 7 3 1 5" />
                        </Face>
                    </Brush>
                    <Brush id="7" owner="0" type="0" pos="7 19 5.5" rot="1 0 0 0" scale="" transform="1 0 0 7 0 1 0 19 0 0 1 5.5 0 0 0 1" group="-1" locked="0" nextFaceID="169" nextVertexID="225">
                        <Vertices>
                            <Vertex pos="1 1 1" />
                            <Vertex pos="1 1 -1" />
                            <Vertex pos="1 -1 1" />
                            <Vertex pos="1 -1 -1" />
                            <Vertex pos="-1 1 1" />
                            <Vertex pos="-1 1 -1" />
                            <Vertex pos="-1 -1 1" />
                            <Vertex pos="-1 -1 -1" />
                        </Vertices>
                        <Face id="162" plane="1 -0 0 -1" album="TGEDemo" material="FILLER_TILE1_04" texgens="0 1 0 32 0 0 -1 -32 0 1 1" texRot="0" texScale="1 1" texDiv="128 128">
                            <Indices indices=" 3 2 0 1" />
                        </Face>
                        <Face id="163" plane="-1 0 0 -1" album="TGEDemo" material="FILLER_TILE1_04" texgens="0 -1 0 32 0 0 -1 -32 0 1 1" texRot="0" texScale="1 1" texDiv="128 128">
                            <Indices indices=" 7 5 4 6" />
                        </Face>
                        <Face id="164" plane="0 1 -0 -1" album="TGEDemo" material="FILLER_TILE1_04" texgens="-1 0 0 32 0 0 -1 -32 0 1 1" texRot="0" texScale="1 1" texDiv="128 128">
                            <Indices indices=" 5 1 0 4" />
                        </Face>
                        <Face id="165" plane="0 -1 0 -1" album="TGEDemo" material="FILLER_TILE1_04" texgens="1 0 0 32 0 0 -1 -32 0 1 1" texRot="0" texScale="1 1" texDiv="128 128">
                            <Indices indices=" 7 6 2 3" />
                        </Face>
                        <Face id="166" plane="-0 0 1 -1" album="TGEDemo" material="FILLER_TILE1_04" texgens="1 0 0 32 0 -1 0 -32 0 1 1" texRot="0" texScale="1 1" texDiv="128 128">
                            <Indices indices=" 6 4 0 2" />
                        </Face>
                        <Face id="167" plane="0 0 -1 -1" album="TGEDemo" material="FILLER_TILE1_04" texgens="-1 0 0 32 0 -1 0 -32 0 1 1" texRot="0" texScale="1 1" texDiv="128 128">
                            <Indices indices=" 7 3 1 5" />
                        </Face>
                    </Brush>
                    <Brush id="8" owner="0" type="0" pos="7 25 5.5" rot="1 0 0 0" scale="" transform="1 0 0 7 0 1 0 25 0 0 1 5.5 0 0 0 1" group="-1" locked="0" nextFaceID="169" nextVertexID="225">
                        <Vertices>
                            <Vertex pos="1 1 1" />
                            <Vertex pos="1 1 -1" />
                            <Vertex pos="1 -1 1" />
                            <Vertex pos="1 -1 -1" />
                            <Vertex pos="-1 1 1" />
                            <Vertex pos="-1 1 -1" />
                            <Vertex pos="-1 -1 1" />
                            <Vertex pos="-1 -1 -1" />
                        </Vertices>
                        <Face id="162" plane="1 -0 0 -1" album="TGEDemo" material="FILLER_TILE1_04" texgens="0 1 0 32 0 0 -1 -32 0 1 1" texRot="0" texScale="1 1" texDiv="128 128">
                            <Indices indices=" 3 2 0 1" />
                        </Face>
                        <Face id="163" plane="-1 0 0 -1" album="TGEDemo" material="FILLER_TILE1_04" texgens="0 -1 0 32 0 0 -1 -32 0 1 1" texRot="0" texScale="1 1" texDiv="128 128">
                            <Indices indices=" 7 5 4 6" />
                        </Face>
                        <Face id="164" plane="0 1 -0 -1" album="TGEDemo" material="FILLER_TILE1_04" texgens="-1 0 0 32 0 0 -1 -32 0 1 1" texRot="0" texScale="1 1" texDiv="128 128">
                            <Indices indices=" 5 1 0 4" />
                        </Face>
                        <Face id="165" plane="0 -1 0 -1" album="TGEDemo" material="FILLER_TILE1_04" texgens="1 0 0 32 0 0 -1 -32 0 1 1" texRot="0" texScale="1 1" texDiv="128 128">
                            <Indices indices=" 7 6 2 3" />
                        </Face>
                        <Face id="166" plane="-0 0 1 -1" album="TGEDemo" material="FILLER_TILE1_04" texgens="1 0 0 32 0 -1 0 -32 0 1 1" texRot="0" texScale="1 1" texDiv="128 128">
                            <Indices indices=" 6 4 0 2" />
                        </Face>
                        <Face id="167" plane="0 0 -1 -1" album="TGEDemo" material="FILLER_TILE1_04" texgens="-1 0 0 32 0 -1 0 -32 0 1 1" texRot="0" texScale="1 1" texDiv="128 128">
                            <Indices indices=" 7 3 1 5" />
                        </Face>
                    </Brush>
                    <Brush id="9" owner="0" type="0" pos="7 28 7" rot="1 0 0 0" scale="" transform="1 0 0 7 0 1 0 28 0 0 1 7 0 0 0 1" group="-1" locked="0" nextFaceID="169" nextVertexID="225">
                        <Vertices>
                            <Vertex pos="1 1 1" />
                            <Vertex pos="1 1 -1" />
                            <Vertex pos="1 -1 1" />
                            <Vertex pos="1 -1 -1" />
                            <Vertex pos="-1 1 1" />
                            <Vertex pos="-1 1 -1" />
                            <Vertex pos="-1 -1 1" />
                            <Vertex pos="-1 -1 -1" />
                        </Vertices>
                        <Face id="162" plane="1 -0 0 -1" album="TGEDemo" material="FILLER_TILE1_04" texgens="0 1 0 32 0 0 -1 -32 0 1 1" texRot="0" texScale="1 1" texDiv="128 128">
                            <Indices indices=" 3 2 0 1" />
                        </Face>
                        <Face id="163" plane="-1 0 0 -1" album="TGEDemo" material="FILLER_TILE1_04" texgens="0 -1 0 32 0 0 -1 -32 0 1 1" texRot="0" texScale="1 1" texDiv="128 128">
                            <Indices indices=" 7 5 4 6" />
                        </Face>
                        <Face id="164" plane="0 1 -0 -1" album="TGEDemo" material="FILLER_TILE1_04" texgens="-1 0 0 32 0 0 -1 -32 0 1 1" texRot="0" texScale="1 1" texDiv="128 128">
                            <Indices indices=" 5 1 0 4" />
                        </Face>
                        <Face id="165" plane="0 -1 0 -1" album="TGEDemo" material="FILLER_TILE1_04" texgens="1 0 0 32 0 0 -1 -32 0 1 1" texRot="0" texScale="1 1" texDiv="128 128">
                            <Indices indices=" 7 6 2 3" />
                        </Face>
                        <Face id="166" plane="-0 0 1 -1" album="TGEDemo" material="FILLER_TILE1_04" texgens="1 0 0 32 0 -1 0 -32 0 1 1" texRot="0" texScale="1 1" texDiv="128 128">
                            <Indices indices=" 6 4 0 2" />
                        </Face>
                        <Face id="167" plane="0 0 -1 -1" album="TGEDemo" material="FILLER_TILE1_04" texgens="-1 0 0 32 0 -1 0 -32 0 1 1" texRot="0" texScale="1 1" texDiv="128 128">
                            <Indices indices=" 7 3 1 5" />
                        </Face>
                    </Brush>
                    <Brush id="10" owner="0" type="0" pos="7 31 8.5" rot="1 0 0 0" scale="" transform="1 0 0 7 0 1 0 31 0 0 1 8.5 0 0 0 1" group="-1" locked="0" nextFaceID="169" nextVertexID="225">
                        <Vertices>
                            <Vertex pos="1 1 1" />
                            <Vertex pos="1 1 -1" />
                            <Vertex pos="1 -1 1" />
                            <Vertex pos="1 -1 -1" />
                            <Vertex pos="-1 1 1" />
                            <Vertex pos="-1 1 -1" />
                            <Vertex pos="-1 -1 1" />
                            <Vertex pos="-1 -1 -1" />
                        </Vertices>
                        <Face id="162" plane="1 -0 0 -1" album="TGEDemo" material="FILLER_TILE1_04" texgens="0 1 0 32 0 0 -1 -32 0 1 1" texRot="0" texScale="1 1" texDiv="128 128">
                            <Indices indices=" 3 2 0 1" />
                        </Face>
                        <Face id="163" plane="-1 0 0 -1" album="TGEDemo" material="FILLER_TILE1_04" texgens="0 -1 0 32 0 0 -1 -32 0 1 1" texRot="0" texScale="1 1" texDiv="128 128">
                            <Indices indices=" 7 5 4 6" />
                        </Face>
                        <Face id="164" plane="0 1 -0 -1" album="TGEDemo" material="FILLER_TILE1_04" texgens="-1 0 0 32 0 0 -1 -32 0 1 1" texRot="0" texScale="1 1" texDiv="128 128">
                            <Indices indices=" 5 1 0 4" />
                        </Face>
                        <Face id="165" plane="0 -1 0 -1" album="TGEDemo" material="FILLER_TILE1_04" texgens="1 0 0 32 0 0 -1 -32 0 1 1" texRot="0" texScale="1 1" texDiv="128 128">
                            <Indices indices=" 7 6 2 3" />
                        </Face>
                        <Face id="166" plane="-0 0 1 -1" album="TGEDemo" material="FILLER_TILE1_04" texgens="1 0 0 32 0 -1 0 -32 0 1 1" texRot="0" texScale="1 1" texDiv="128 128">
                            <Indices indices=" 6 4 0 2" />
                        </Face>
                        <Face id="167" plane="0 0 -1 -1" album="TGEDemo" material="FILLER_TILE1_04" texgens="-1 0 0 32 0 -1 0 -32 0 1 1" texRot="0" texScale="1 1" texDiv="128 128">
                            <Indices indices=" 7 3 1 5" />
                        </Face>
                    </Brush>
                    <Brush id="11" owner="0" type="0" pos="7 34 10" rot="1 0 0 0" scale="" transform="1 0 0 7 0 1 0 34 0 0 1 10 0 0 0 1" group="-1" locked="0" nextFaceID="169" nextVertexID="225">
                        <Vertices>
                            <Vertex pos="1 1 1" />
                            <Vertex pos="1 1 -1" />
                            <Vertex pos="1 -1 1" />
                            <Vertex pos="1 -1 -1" />
                            <Vertex pos="-1 1 1" />
                            <Vertex pos="-1 1 -1" />
                            <Vertex pos="-1 -1 1" />
                            <Vertex pos="-1 -1 -1" />
                        </Vertices>
                        <Face id="162" plane="1 -0 0 -1" album="TGEDemo" material="FILLER_TILE1_04" texgens="0 1 0 32 0 0 -1 -32 0 1 1" texRot="0" texScale="1 1" texDiv="128 128">
                            <Indices indices=" 3 2 0 1" />
                        </Face>
                        <Face id="163" plane="-1 0 0 -1" album="TGEDemo" material="FILLER_TILE1_04" texgens="0 -1 0 32 0 0 -1 -32 0 1 1" texRot="0" texScale="1 1" texDiv="128 128">
                            <Indices indices=" 7 5 4 6" />
                        </Face>
                        <Face id="164" plane="0 1 -0 -1" album="TGEDemo" material="FILLER_TILE1_04" texgens="-1 0 0 32 0 0 -1 -32 0 1 1" texRot="0" texScale="1 1" texDiv="128 128">
                            <Indices indices=" 5 1 0 4" />
                        </Face>
                        <Face id="165" plane="0 -1 0 -1" album="TGEDemo" material="FILLER_TILE1_04" texgens="1 0 0 32 0 0 -1 -32 0 1 1" texRot="0" texScale="1 1" texDiv="128 128">
                            <Indices indices=" 7 6 2 3" />
                        </Face>
                        <Face id="166" plane="-0 0 1 -1" album="TGEDemo" material="FILLER_TILE1_04" texgens="1 0 0 32 0 -1 0 -32 0 1 1" texRot="0" texScale="1 1" texDiv="128 128">
                            <Indices indices=" 6 4 0 2" />
                        </Face>
                        <Face id="167" plane="0 0 -1 -1" album="TGEDemo" material="FILLER_TILE1_04" texgens="-1 0 0 32 0 -1 0 -32 0 1 1" texRot="0" texScale="1 1" texDiv="128 128">
                            <Indices indices=" 7 3 1 5" />
                        </Face>
                    </Brush>
                    <Brush id="13" owner="0" type="0" pos="-3 36 10" rot="1 0 0 0" scale="" transform="1 0 0 -3 0 3 0 36 0 0 1 10 0 0 0 1" group="-1" locked="0" nextFaceID="169" nextVertexID="225">
                        <Vertices>
                            <Vertex pos="1 1 1" />
                            <Vertex pos="1 1 -1" />
                            <Vertex pos="1 -1 1" />
                            <Vertex pos="1 -1 -1" />
                            <Vertex pos="-1 1 1" />
                            <Vertex pos="-1 1 -1" />
                            <Vertex pos="-1 -1 1" />
                            <Vertex pos="-1 -1 -1" />
                        </Vertices>
                        <Face id="162" plane="1 -0 0 -1" album="TGEDemo" material="FILLER_TILE1_04" texgens="0 1 0 32 0 0 -1 -32 0 1 1" texRot="0" texScale="1 1" texDiv="128 128">
                            <Indices indices=" 3 2 0 1" />
                        </Face>
                        <Face id="163" plane="-1 0 0 -1" album="TGEDemo" material="FILLER_TILE1_04" texgens="0 -1 0 32 0 0 -1 -32 0 1 1" texRot="0" texScale="1 1" texDiv="128 128">
                            <Indices indices=" 7 5 4 6" />
                        </Face>
                        <Face id="164" plane="0 1 -0 -1" album="TGEDemo" material="FILLER_TILE1_04" texgens="-1 0 0 32 0 0 -1 -32 0 1 1" texRot="0" texScale="1 1" texDiv="128 128">
                            <Indices indices=" 5 1 0 4" />
                        </Face>
                        <Face id="165" plane="0 -1 0 -1" album="TGEDemo" material="FILLER_TILE1_04" texgens="1 0 0 32 0 0 -1 -32 0 1 1" texRot="0" texScale="1 1" texDiv="128 128">
                            <Indices indices=" 7 6 2 3" />
                        </Face>
                        <Face id="166" plane="-0 0 1 -1" album="TGEDemo" material="FILLER_TILE1_04" texgens="1 0 0 32 0 -1 0 -32 0 1 1" texRot="0" texScale="1 1" texDiv="128 128">
                            <Indices indices=" 6 4 0 2" />
                        </Face>
                        <Face id="167" plane="0 0 -1 -1" album="TGEDemo" material="FILLER_TILE1_04" texgens="-1 0 0 32 0 -1 0 -32 0 1 1" texRot="0" texScale="1 1" texDiv="128 128">
                            <Indices indices=" 7 3 1 5" />
                        </Face>
                    </Brush>
                    <Brush id="14" owner="0" type="0" pos="-3 40.5 10" rot="1 0 0 0" scale="" transform="1 0 0 -3 0 1 0 40.5 0 0 1 10 0 0 0 1" group="-1" locked="0" nextFaceID="73" nextVertexID="63">
                        <Vertices>
                            <Vertex pos="5.00679e-006 -3.8147e-006 -0.999999" />
                            <Vertex pos="0.433012 0.249992 -0.866029" />
                            <Vertex pos="0.499995 1.14441e-005 -0.866028" />
                            <Vertex pos="0.25001 0.432999 -0.866028" />
                            <Vertex pos="-1.00136e-005 0.500004 -0.866026" />
                            <Vertex pos="-0.24999 0.43301 -0.86603" />
                            <Vertex pos="-0.43301 0.25 -0.866028" />
                            <Vertex pos="-0.499998 1.14441e-005 -0.866028" />
                            <Vertex pos="-0.433014 -0.249992 -0.866028" />
                            <Vertex pos="-0.250009 -0.433006 -0.866027" />
                            <Vertex pos="-1.90735e-006 -0.5 -0.866027" />
                            <Vertex pos="0.249998 -0.433014 -0.866026" />
                            <Vertex pos="0.433016 -0.249992 -0.866028" />
                            <Vertex pos="0.749996 0.433022 -0.500003" />
                            <Vertex pos="0.866025 -7.62939e-006 -0.500003" />
                            <Vertex pos="0.433015 0.749985 -0.500012" />
                            <Vertex pos="-1.19209e-006 0.866024 -0.500001" />
                            <Vertex pos="-0.433016 0.75 -0.499999" />
                            <Vertex pos="-0.750001 0.433014 -0.499998" />
                            <Vertex pos="-0.866022 0 -0.500006" />
                            <Vertex pos="-0.75 -0.433018 -0.500001" />
                            <Vertex pos="-0.433013 -0.749996 -0.500009" />
                            <Vertex pos="6.91414e-006 -0.866028 -0.500002" />
                            <Vertex pos="0.433006 -0.749996 -0.500011" />
                            <Vertex pos="0.750005 -0.433006 -0.500001" />
                            <Vertex pos="0.866024 0.5 -2.92063e-006" />
                            <Vertex pos="0.999999 -3.8147e-006 -2.26498e-006" />
                            <Vertex pos="0.5 0.86602 -2.68221e-006" />
                            <Vertex pos="-1.90735e-006 0.999996 -1.78814e-006" />
                            <Vertex pos="-0.5 0.866024 1.03712e-005" />
                            <Vertex pos="-0.866019 0.500004 1.07288e-006" />
                            <Vertex pos="-0.999999 -3.8147e-006 -2.74181e-006" />
                            <Vertex pos="-0.866027 -0.499996 -2.38419e-006" />
                            <Vertex pos="-0.499998 -0.866028 8.70228e-006" />
                            <Vertex pos="-1.90735e-006 -0.999996 -5.06639e-006" />
                            <Vertex pos="0.500005 -0.866016 -7.86781e-006" />
                            <Vertex pos="0.866026 -0.499996 -6.97374e-006" />
                            <Vertex pos="0.749999 0.43301 0.5" />
                            <Vertex pos="0.866026 -3.8147e-006 0.499997" />
                            <Vertex pos="0.433007 0.750004 0.499995" />
                            <Vertex pos="-1.16825e-005 0.866028 0.499993" />
                            <Vertex pos="-0.433012 0.75 0.499996" />
                            <Vertex pos="-0.749995 0.433014 0.500003" />
                            <Vertex pos="-0.866022 0 0.500003" />
                            <Vertex pos="-0.75 -0.433014 0.499998" />
                            <Vertex pos="-0.433018 -0.749992 0.500002" />
                            <Vertex pos="-9.77516e-006 -0.86602 0.499996" />
                            <Vertex pos="0.433016 -0.749992 0.500014" />
                            <Vertex pos="0.750005 -0.433006 0.499996" />
                            <Vertex pos="0.433008 0.250008 0.866025" />
                            <Vertex pos="0.499997 0 0.866026" />
                            <Vertex pos="0.250006 0.433006 0.866023" />
                            <Vertex pos="1.43051e-006 0.499992 0.866026" />
                            <Vertex pos="-0.250002 0.433006 0.866025" />
                            <Vertex pos="-0.433011 0.249996 0.866027" />
                            <Vertex pos="-0.5 3.8147e-006 0.866024" />
                            <Vertex pos="-0.433009 -0.250008 0.866026" />
                            <Vertex pos="-0.250009 -0.43301 0.866023" />
                            <Vertex pos="1.16825e-005 -0.5 0.866025" />
                            <Vertex pos="0.249988 -0.433022 0.866023" />
                            <Vertex pos="0.433011 -0.249996 0.866026" />
                            <Vertex pos="-5.96046e-006 -7.62939e-006 0.999999" />
                        </Vertices>
                        <Face id="0" plane="0.258195 0.0691836 -0.963612 -0.963613" album="TGEDemo" material="FILLER_TILE1_04" texgens="-0.25882 0.965926 0 4.14121 -0.930778 -0.249401 -0.267303 -8.55387 0 1 1" texRot="0" texScale="1 1" texDiv="128 128">
                            <Indices indices=" 2 1 0" />
                        </Face>
                        <Face id="1" plane="0.189012 0.189012 -0.963613 -0.963612" album="TGEDemo" material="FILLER_TILE1_04" texgens="-0.707106 0.707108 0 4.14116 -0.681377 -0.681377 -0.267303 -8.55392 0 1 1" texRot="0" texScale="1 1" texDiv="128 128">
                            <Indices indices=" 3 0 1" />
                        </Face>
                        <Face id="2" plane="0.0691877 0.258195 -0.963612 -0.963611" album="TGEDemo" material="FILLER_TILE1_04" texgens="-0.965927 0.258814 0 4.14116 -0.249397 -0.930779 -0.267303 -8.55395 0 1 1" texRot="0" texScale="1 1" texDiv="128 128">
                            <Indices indices=" 4 0 3" />
                        </Face>
                        <Face id="3" plane="-0.06918 0.258191 -0.963614 -0.963612" album="TGEDemo" material="FILLER_TILE1_04" texgens="-0.965925 -0.258822 0 4.14105 0.249405 -0.930777 -0.267304 -8.55394 0 1 1" texRot="0" texScale="1 1" texDiv="128 128">
                            <Indices indices=" 5 0 4" />
                        </Face>
                        <Face id="4" plane="-0.189008 0.18901 -0.963614 -0.963611" album="TGEDemo" material="FILLER_TILE1_04" texgens="-0.707107 -0.707107 0 4.14093 0.681377 -0.681377 -0.267303 -8.5539 0 1 1" texRot="0" texScale="1 1" texDiv="128 128">
                            <Indices indices=" 6 0 5" />
                        </Face>
                        <Face id="5" plane="-0.258189 0.0691859 -0.963614 -0.963612" album="TGEDemo" material="FILLER_TILE1_04" texgens="-0.258822 -0.965925 0 4.141 0.930778 -0.249404 -0.267303 -8.55387 0 1 1" texRot="0" texScale="1 1" texDiv="128 128">
                            <Indices indices=" 7 0 6" />
                        </Face>
                        <Face id="6" plane="-0.258193 -0.0691777 -0.963613 -0.963612" album="TGEDemo" material="FILLER_TILE1_04" texgens="0.258818 -0.965926 0 4.141 0.930778 0.249401 -0.267303 -8.55381 0 1 1" texRot="0" texScale="1 1" texDiv="128 128">
                            <Indices indices=" 8 0 7" />
                        </Face>
                        <Face id="7" plane="-0.189011 -0.189012 -0.963613 -0.963612" album="TGEDemo" material="FILLER_TILE1_04" texgens="0.707105 -0.707109 0 4.14098 0.681379 0.681375 -0.267304 -8.55375 0 1 1" texRot="0" texScale="1 1" texDiv="128 128">
                            <Indices indices=" 9 0 8" />
                        </Face>
                        <Face id="8" plane="-0.0691896 -0.258196 -0.963612 -0.963612" album="TGEDemo" material="FILLER_TILE1_04" texgens="0.965926 -0.258818 0 4.14106 0.249401 0.930778 -0.267303 -8.55372 0 1 1" texRot="0" texScale="1 1" texDiv="128 128">
                            <Indices indices=" 10 0 9" />
                        </Face>
                        <Face id="9" plane="0.069185 -0.258198 -0.963612 -0.963612" album="TGEDemo" material="FILLER_TILE1_04" texgens="0.965925 0.258823 0 4.14116 -0.249404 0.930777 -0.267304 -8.55372 0 1 1" texRot="0" texScale="1 1" texDiv="128 128">
                            <Indices indices=" 11 0 10" />
                        </Face>
                        <Face id="10" plane="0.189012 -0.189017 -0.963611 -0.963612" album="TGEDemo" material="FILLER_TILE1_04" texgens="0.707105 0.707109 0 4.14117 -0.681379 0.681375 -0.267304 -8.55375 0 1 1" texRot="0" texScale="1 1" texDiv="128 128">
                            <Indices indices=" 12 0 11" />
                        </Face>
                        <Face id="11" plane="0.258199 -0.0691766 -0.963612 -0.963613" album="TGEDemo" material="FILLER_TILE1_04" texgens="0.258814 0.965927 0 4.14121 -0.930779 0.249398 -0.267303 -8.55381 0 1 1" texRot="0" texScale="1 1" texDiv="128 128">
                            <Indices indices=" 12 2 0" />
                        </Face>
                        <Face id="12" plane="0.694746 0.186155 -0.694748 -0.949042" album="TGEDemo" material="FILLER_TILE1_04" texgens="-0.258818 0.965926 0 7.17269 -0.671074 -0.179813 -0.719255 -9.19553 0 1 1" texRot="0" texScale="1 1" texDiv="128 128">
                            <Indices indices=" 14 13 1 2" />
                        </Face>
                        <Face id="13" plane="0.508593 0.508583 -0.694749 -0.949041" album="TGEDemo" material="FILLER_TILE1_04" texgens="-0.707107 0.707106 0 7.17272 -0.491259 -0.491261 -0.719255 -9.19557 0 1 1" texRot="0" texScale="1 1" texDiv="128 128">
                            <Indices indices=" 15 3 1 13" />
                        </Face>
                        <Face id="14" plane="0.186185 0.694745 -0.69474 -0.949037" album="TGEDemo" material="FILLER_TILE1_04" texgens="-0.965927 0.258815 0 7.17269 -0.179811 -0.671074 -0.719255 -9.1956 0 1 1" texRot="0" texScale="1 1" texDiv="128 128">
                            <Indices indices=" 16 4 3 15" />
                        </Face>
                        <Face id="15" plane="-0.186176 0.694738 -0.69475 -0.949045" album="TGEDemo" material="FILLER_TILE1_04" texgens="-0.965925 -0.258822 0 7.17256 0.179816 -0.671074 -0.719254 -9.19558 0 1 1" texRot="0" texScale="1 1" texDiv="128 128">
                            <Indices indices=" 17 5 4 16" />
                        </Face>
                        <Face id="16" plane="-0.508582 0.508602 -0.694743 -0.949039" album="TGEDemo" material="FILLER_TILE1_04" texgens="-0.707107 -0.707107 0 7.1724 0.491261 -0.491261 -0.719253 -9.19552 0 1 1" texRot="0" texScale="1 1" texDiv="128 128">
                            <Indices indices=" 18 6 5 17" />
                        </Face>
                        <Face id="17" plane="-0.694746 0.186167 -0.694744 -0.949042" album="TGEDemo" material="FILLER_TILE1_04" texgens="-0.258822 -0.965925 0 7.17252 0.671074 -0.179816 -0.719254 -9.19552 0 1 1" texRot="0" texScale="1 1" texDiv="128 128">
                            <Indices indices=" 19 7 6 18" />
                        </Face>
                        <Face id="18" plane="-0.694751 -0.186145 -0.694746 -0.949041" album="TGEDemo" material="FILLER_TILE1_04" texgens="0.258817 -0.965926 0 7.1725 0.671074 0.179812 -0.719255 -9.19549 0 1 1" texRot="0" texScale="1 1" texDiv="128 128">
                            <Indices indices=" 20 8 7 19" />
                        </Face>
                        <Face id="19" plane="-0.508598 -0.50858 -0.694748 -0.949042" album="TGEDemo" material="FILLER_TILE1_04" texgens="0.707106 -0.707108 0 7.17249 0.491261 0.49126 -0.719254 -9.19543 0 1 1" texRot="0" texScale="1 1" texDiv="128 128">
                            <Indices indices=" 21 9 8 20" />
                        </Face>
                        <Face id="20" plane="-0.18617 -0.694745 -0.694745 -0.949041" album="TGEDemo" material="FILLER_TILE1_04" texgens="0.965926 -0.258817 0 7.17263 0.179813 0.671074 -0.719255 -9.19543 0 1 1" texRot="0" texScale="1 1" texDiv="128 128">
                            <Indices indices=" 22 10 9 21" />
                        </Face>
                        <Face id="21" plane="0.186155 -0.694744 -0.69475 -0.949044" album="TGEDemo" material="FILLER_TILE1_04" texgens="0.965926 0.25882 0 7.17263 -0.179814 0.671074 -0.719254 -9.19542 0 1 1" texRot="0" texScale="1 1" texDiv="128 128">
                            <Indices indices=" 23 11 10 22" />
                        </Face>
                        <Face id="22" plane="0.50859 -0.508588 -0.694747 -0.949042" album="TGEDemo" material="FILLER_TILE1_04" texgens="0.707104 0.707109 0 7.17273 -0.491262 0.491258 -0.719255 -9.19545 0 1 1" texRot="0" texScale="1 1" texDiv="128 128">
                            <Indices indices=" 24 12 11 23" />
                        </Face>
                        <Face id="23" plane="0.694738 -0.186155 -0.694755 -0.949042" album="TGEDemo" material="FILLER_TILE1_04" texgens="0.258815 0.965927 0 7.17274 -0.671074 0.179811 -0.719255 -9.1955 0 1 1" texRot="0" texScale="1 1" texDiv="128 128">
                            <Indices indices=" 24 14 2 12" />
                        </Face>
                        <Face id="24" plane="0.935113 0.250562 -0.250563 -0.935112" album="TGEDemo" material="FILLER_TILE1_04" texgens="-0.25882 0.965926 0 8.28236 -0.242025 -0.0648507 -0.9681 -8.78247 0 1 1" texRot="0" texScale="1 1" texDiv="128 128">
                            <Indices indices=" 26 25 13 14" />
                        </Face>
                        <Face id="25" plane="0.684533 0.684564 -0.25057 -0.935114" album="TGEDemo" material="FILLER_TILE1_04" texgens="-0.707107 0.707106 0 8.2823 -0.177175 -0.177175 -0.9681 -8.78248 0 1 1" texRot="0" texScale="1 1" texDiv="128 128">
                            <Indices indices=" 27 15 13 25" />
                        </Face>
                        <Face id="26" plane="0.250583 0.935109 -0.250557 -0.935106" album="TGEDemo" material="FILLER_TILE1_04" texgens="-0.965927 0.258815 0 8.28229 -0.0648499 -0.242027 -0.9681 -8.78245 0 1 1" texRot="0" texScale="1 1" texDiv="128 128">
                            <Indices indices=" 28 16 15 27" />
                        </Face>
                        <Face id="27" plane="-0.25056 0.935116 -0.250554 -0.935111" album="TGEDemo" material="FILLER_TILE1_04" texgens="-0.965925 -0.258823 0 8.2822 0.0648515 -0.242025 -0.9681 -8.78249 0 1 1" texRot="0" texScale="1 1" texDiv="128 128">
                            <Indices indices=" 29 17 16 28" />
                        </Face>
                        <Face id="28" plane="-0.684553 0.68455 -0.250557 -0.935113" album="TGEDemo" material="FILLER_TILE1_04" texgens="-0.707106 -0.707108 0 8.28202 0.177174 -0.177174 -0.968101 -8.78251 0 1 1" texRot="0" texScale="1 1" texDiv="128 128">
                            <Indices indices=" 30 18 17 29" />
                        </Face>
                        <Face id="29" plane="-0.935114 0.250557 -0.250564 -0.935113" album="TGEDemo" material="FILLER_TILE1_04" texgens="-0.258823 -0.965925 0 8.28208 0.242025 -0.0648515 -0.9681 -8.78247 0 1 1" texRot="0" texScale="1 1" texDiv="128 128">
                            <Indices indices=" 31 19 18 30" />
                        </Face>
                        <Face id="30" plane="-0.935116 -0.250555 -0.250562 -0.935113" album="TGEDemo" material="FILLER_TILE1_04" texgens="0.258817 -0.965926 0 8.28211 0.242025 0.0648499 -0.9681 -8.78247 0 1 1" texRot="0" texScale="1 1" texDiv="128 128">
                            <Indices indices=" 32 20 19 31" />
                        </Face>
                        <Face id="31" plane="-0.684544 -0.684557 -0.25056 -0.935114" album="TGEDemo" material="FILLER_TILE1_04" texgens="0.707107 -0.707107 0 8.28216 0.177174 0.177174 -0.9681 -8.78247 0 1 1" texRot="0" texScale="1 1" texDiv="128 128">
                            <Indices indices=" 33 21 20 32" />
                        </Face>
                        <Face id="32" plane="-0.250568 -0.935113 -0.250557 -0.935111" album="TGEDemo" material="FILLER_TILE1_04" texgens="0.965926 -0.25882 0 8.28216 0.0648506 0.242025 -0.9681 -8.78243 0 1 1" texRot="0" texScale="1 1" texDiv="128 128">
                            <Indices indices=" 34 22 21 33" />
                        </Face>
                        <Face id="33" plane="0.250578 -0.93511 -0.250559 -0.935113" album="TGEDemo" material="FILLER_TILE1_04" texgens="0.965925 0.258821 0 8.28228 -0.064851 0.242025 -0.9681 -8.78244 0 1 1" texRot="0" texScale="1 1" texDiv="128 128">
                            <Indices indices=" 35 23 22 34" />
                        </Face>
                        <Face id="34" plane="0.684545 -0.684556 -0.250563 -0.935111" album="TGEDemo" material="FILLER_TILE1_04" texgens="0.707105 0.707109 0 8.28231 -0.177175 0.177174 -0.9681 -8.78244 0 1 1" texRot="0" texScale="1 1" texDiv="128 128">
                            <Indices indices=" 36 24 23 35" />
                        </Face>
                        <Face id="35" plane="0.935114 -0.250561 -0.25056 -0.935115" album="TGEDemo" material="FILLER_TILE1_04" texgens="0.258815 0.965927 0 8.28234 -0.242025 0.0648494 -0.9681 -8.78247 0 1 1" texRot="0" texScale="1 1" texDiv="128 128">
                            <Indices indices=" 36 26 14 24" />
                        </Face>
                        <Face id="36" plane="0.935113 0.250563 0.250562 -0.935111" album="TGEDemo" material="FILLER_TILE1_04" texgens="-0.25882 0.965926 0 8.28235 0.242024 0.0648504 -0.968101 -7.74483 0 1 1" texRot="0" texScale="1 1" texDiv="128 128">
                            <Indices indices=" 38 37 25 26" />
                        </Face>
                        <Face id="37" plane="0.684548 0.684554 0.25056 -0.935111" album="TGEDemo" material="FILLER_TILE1_04" texgens="-0.707107 0.707107 0 8.28229 0.177175 0.177175 -0.9681 -7.74484 0 1 1" texRot="0" texScale="1 1" texDiv="128 128">
                            <Indices indices=" 39 27 25 37" />
                        </Face>
                        <Face id="38" plane="0.250565 0.935114 0.250559 -0.935109" album="TGEDemo" material="FILLER_TILE1_04" texgens="-0.965927 0.258815 0 8.28228 0.0648496 0.242026 -0.9681 -7.74484 0 1 1" texRot="0" texScale="1 1" texDiv="128 128">
                            <Indices indices=" 40 28 27 39" />
                        </Face>
                        <Face id="39" plane="-0.250554 0.935115 0.250567 -0.935111" album="TGEDemo" material="FILLER_TILE1_04" texgens="-0.965925 -0.258823 0 8.2822 -0.0648514 0.242025 -0.9681 -7.74482 0 1 1" texRot="0" texScale="1 1" texDiv="128 128">
                            <Indices indices=" 41 29 28 40" />
                        </Face>
                        <Face id="40" plane="-0.684554 0.684546 0.250564 -0.935113" album="TGEDemo" material="FILLER_TILE1_04" texgens="-0.707106 -0.707108 0 8.28202 -0.177174 0.177174 -0.968101 -7.74482 0 1 1" texRot="0" texScale="1 1" texDiv="128 128">
                            <Indices indices=" 42 30 29 41" />
                        </Face>
